led,t,deltat,AcX,AcY,AcZ,GravX,GravY,GravZ,QuatW,QuatX,QuatY,QuatZ,OrX,OrY,OrZ,GyX,GyY,GyZ
0,2050,50,0.20,0.74,-0.27,-2.56,2.43,9.14,0.98309,0.12616,0.13275,-0.00049,0.06,-15.13,-14.88,0.05,-0.07,0.01
0,2100,50,0.27,0.18,-0.31,-2.55,2.42,9.15,0.98315,0.12610,0.13251,-0.00049,0.00,-15.13,-14.81,0.03,-0.05,0.01
0,2150,50,-0.12,0.46,-0.67,-2.55,2.42,9.15,0.98315,0.12585,0.13257,-0.00049,0.00,-15.06,-14.81,0.02,-0.06,0.01
0,2200,50,0.20,0.18,-0.12,-2.55,2.42,9.15,0.98315,0.12579,0.13251,-0.00037,0.00,-15.06,-14.81,0.02,-0.01,0.01
0,2250,50,0.26,-0.01,-0.35,-2.55,2.42,9.15,0.98315,0.12592,0.13245,-0.00018,0.00,-15.06,-14.81,0.00,0.01,0.02
0,2300,50,0.52,-0.01,0.41,-2.55,2.42,9.15,0.98315,0.12592,0.13263,0.00018,359.94,-15.06,-14.81,-0.01,0.00,0.02
0,2350,50,0.23,-0.21,0.26,-2.55,2.43,9.15,0.98315,0.12598,0.13245,0.00055,359.94,-15.06,-14.81,-0.02,0.01,0.02
0,2400,50,0.24,-0.19,0.22,-2.54,2.43,9.15,0.98322,0.12592,0.13214,0.00098,359.88,-15.00,-14.88,-0.01,-0.01,0.02
0,2450,50,0.25,-0.03,-0.16,-2.53,2.43,9.15,0.98328,0.12592,0.13171,0.00122,359.81,-15.00,-14.81,0.00,-0.01,0.02
0,2500,50,0.16,0.27,-0.12,-2.53,2.43,9.15,0.98328,0.12604,0.13147,0.00140,359.81,-14.94,-14.81,-0.01,-0.01,0.01
0,2550,50,0.08,0.19,-1.07,-2.53,2.44,9.15,0.98322,0.12640,0.13147,0.00165,359.81,-14.94,-14.88,-0.01,-0.01,0.01
0,2600,50,0.31,0.07,-0.10,-2.54,2.44,9.15,0.98315,0.12640,0.13196,0.00183,359.75,-15.00,-14.88,0.02,0.02,0.01
0,2650,50,-0.11,-0.12,0.36,-2.54,2.44,9.15,0.98315,0.12646,0.13208,0.00214,359.75,-15.00,-14.94,-0.00,0.01,0.02
0,2700,50,-0.44,-0.09,-0.71,-2.53,2.44,9.15,0.98309,0.12665,0.13196,0.00232,359.69,-15.00,-14.94,0.00,-0.02,0.02
0,2750,50,-0.41,-0.23,-0.91,-2.53,2.44,9.15,0.98315,0.12653,0.13190,0.00256,359.69,-14.94,-14.94,-0.00,0.01,0.01
0,2800,50,-0.07,0.01,0.53,-2.53,2.43,9.15,0.98328,0.12585,0.13184,0.00293,359.63,-14.94,-14.88,0.01,-0.00,0.01
0,2850,50,0.03,0.10,0.61,-2.53,2.43,9.15,0.98328,0.12573,0.13184,0.00317,359.63,-14.94,-14.88,0.01,0.02,0.01
0,2900,50,0.25,0.07,-0.07,-2.54,2.43,9.15,0.98322,0.12573,0.13239,0.00336,359.56,-15.00,-14.88,-0.01,0.06,0.01
0,2950,50,0.14,-0.34,-1.07,-2.54,2.43,9.15,0.98315,0.12585,0.13239,0.00336,359.56,-15.00,-14.88,-0.07,0.05,0.01
0,3000,50,1.07,-0.48,0.91,-2.53,2.43,9.15,0.98322,0.12592,0.13190,0.00360,359.56,-15.00,-14.94,0.03,0.04,0.00
0,3050,50,0.15,0.28,-0.98,-2.52,2.43,9.15,0.98334,0.12555,0.13159,0.00378,359.56,-14.94,-14.81,-0.06,0.01,0.01
0,3100,50,0.34,-0.34,-0.24,-2.52,2.43,9.15,0.98334,0.12549,0.13129,0.00391,359.50,-14.88,-14.81,-0.02,0.01,0.00
0,3150,50,-0.58,0.15,-0.76,-2.51,2.43,9.15,0.98334,0.12573,0.13110,0.00391,359.50,-14.88,-14.81,-0.03,-0.03,0.01
0,3200,50,0.03,0.28,-0.44,-2.52,2.43,9.15,0.98334,0.12585,0.13129,0.00391,359.50,-14.88,-14.88,-0.03,0.01,0.01
0,3250,50,0.92,0.49,0.61,-2.53,2.44,9.15,0.98322,0.12604,0.13184,0.00403,359.50,-14.88,-14.88,-0.01,0.05,-0.00
0,3300,50,0.59,0.08,1.09,-2.52,2.44,9.15,0.98322,0.12622,0.13171,0.00403,359.50,-14.94,-14.88,-0.01,0.02,-0.00
0,3350,50,0.92,-0.29,2.03,-2.52,2.43,9.15,0.98334,0.12549,0.13171,0.00409,359.50,-14.94,-14.88,0.05,0.02,-0.01
0,3400,50,0.43,-0.30,1.35,-2.52,2.43,9.15,0.98334,0.12555,0.13159,0.00403,359.50,-14.94,-14.88,0.07,0.01,-0.01
0,3450,50,-0.22,0.21,-1.39,-2.52,2.43,9.15,0.98328,0.12579,0.13159,0.00397,359.50,-14.88,-14.81,-0.04,-0.02,0.00
0,3500,50,-0.19,0.06,-1.33,-2.53,2.43,9.15,0.98328,0.12555,0.13190,0.00409,359.50,-14.88,-14.81,-0.06,-0.01,0.01
0,3550,50,0.31,-0.28,0.47,-2.53,2.42,9.15,0.98328,0.12543,0.13208,0.00415,359.50,-14.94,-14.81,0.03,0.01,0.00
0,3600,50,0.29,-0.58,0.89,-2.53,2.43,9.15,0.98322,0.12549,0.13220,0.00415,359.50,-14.94,-14.88,0.06,0.04,0.00
0,3650,50,0.09,0.40,0.08,-2.53,2.42,9.15,0.98328,0.12531,0.13214,0.00421,359.50,-14.94,-14.81,-0.07,0.01,0.00
0,3700,50,-0.21,0.47,-1.09,-2.53,2.42,9.15,0.98322,0.12543,0.13226,0.00421,359.50,-14.94,-14.81,-0.11,0.02,0.00
0,3750,50,0.15,-0.37,-0.13,-2.53,2.43,9.15,0.98328,0.12555,0.13202,0.00415,359.50,-14.94,-14.81,-0.01,0.02,0.00
0,3800,50,-0.11,-0.24,-0.55,-2.53,2.42,9.15,0.98334,0.12494,0.13184,0.00421,359.50,-14.94,-14.81,0.01,0.01,-0.00
0,3850,50,-0.48,0.78,-1.71,-2.53,2.41,9.16,0.98340,0.12445,0.13184,0.00427,359.50,-14.94,-14.75,-0.11,0.01,0.01
0,3900,50,-0.29,-0.06,-1.16,-2.52,2.41,9.16,0.98346,0.12463,0.13141,0.00427,359.44,-14.88,-14.69,-0.09,-0.01,0.00
0,3950,50,0.19,-0.99,-0.02,-2.51,2.40,9.16,0.98358,0.12402,0.13092,0.00433,359.50,-14.81,-14.69,0.04,-0.01,0.00
0,4000,50,0.01,-0.09,-0.39,-2.50,2.39,9.17,0.98364,0.12384,0.13062,0.00433,359.50,-14.75,-14.69,0.00,-0.00,0.00
0,4050,50,0.67,0.17,0.59,-2.51,2.39,9.17,0.98364,0.12366,0.13074,0.00433,359.44,-14.81,-14.63,0.00,0.05,0.00
0,4100,50,0.45,-0.77,0.53,-2.51,2.40,9.16,0.98358,0.12408,0.13086,0.00427,359.44,-14.81,-14.63,0.09,-0.00,0.00
0,4150,50,0.07,0.25,0.81,-2.51,2.40,9.16,0.98364,0.12408,0.13068,0.00427,359.50,-14.75,-14.69,-0.01,-0.02,0.00
0,4200,50,-0.10,-0.34,0.64,-2.50,2.39,9.17,0.98370,0.12354,0.13049,0.00433,359.44,-14.75,-14.63,-0.02,0.02,0.01
0,4250,50,-0.67,0.18,-1.19,-2.51,2.39,9.16,0.98364,0.12378,0.13092,0.00439,359.44,-14.75,-14.63,0.00,-0.02,0.01
0,4300,50,0.32,-0.87,0.64,-2.51,2.39,9.16,0.98358,0.12372,0.13116,0.00439,359.44,-14.81,-14.63,-0.00,0.03,-0.00
0,4350,50,-0.17,-0.44,0.60,-2.52,2.39,9.17,0.98364,0.12335,0.13116,0.00446,359.44,-14.81,-14.63,-0.01,0.03,0.00
0,4400,50,-0.56,0.34,-1.09,-2.51,2.38,9.17,0.98370,0.12317,0.13092,0.00452,359.44,-14.81,-14.63,0.09,0.00,-0.01
0,4450,50,-0.57,-0.44,-0.04,-2.51,2.38,9.17,0.98376,0.12280,0.13086,0.00458,359.44,-14.75,-14.56,-0.04,0.04,0.00
0,4500,50,0.02,-0.38,-0.42,-2.51,2.38,9.17,0.98370,0.12286,0.13104,0.00458,359.44,-14.81,-14.50,-0.01,0.03,0.00
0,4550,50,0.46,-0.95,1.10,-2.52,2.38,9.17,0.98364,0.12305,0.13141,0.00458,359.44,-14.81,-14.56,-0.07,0.04,0.01
0,4600,50,0.46,-0.08,0.36,-2.52,2.37,9.17,0.98370,0.12256,0.13159,0.00470,359.44,-14.88,-14.56,0.07,-0.01,0.00
0,4651,51,0.20,0.24,-0.73,-2.51,2.39,9.17,0.98364,0.12347,0.13110,0.00458,359.44,-14.88,-14.56,-0.11,0.03,0.00
0,4701,50,1.48,1.11,0.37,-2.51,2.38,9.17,0.98376,0.12311,0.13074,0.00452,359.44,-14.81,-14.56,-0.01,-0.03,0.00
0,4751,50,1.21,-0.49,0.87,-2.50,2.39,9.17,0.98376,0.12335,0.13037,0.00452,359.44,-14.81,-14.50,-0.09,-0.00,-0.00
0,4801,50,0.98,0.25,-0.52,-2.50,2.39,9.17,0.98376,0.12341,0.13013,0.00446,359.44,-14.75,-14.56,0.12,-0.07,-0.01
0,4851,50,1.22,0.13,-0.56,-2.49,2.39,9.17,0.98376,0.12372,0.12988,0.00433,359.44,-14.75,-14.56,-0.07,-0.06,0.00
0,4901,50,0.89,-0.10,0.70,-2.49,2.39,9.17,0.98383,0.12360,0.12976,0.00427,359.44,-14.75,-14.63,0.10,-0.06,-0.01
0,4951,50,0.79,-0.69,0.16,-2.49,2.40,9.17,0.98376,0.12390,0.12994,0.00415,359.50,-14.75,-14.63,0.06,-0.04,-0.00
0,5001,50,0.87,-0.33,-0.31,-2.50,2.39,9.17,0.98370,0.12384,0.13025,0.00409,359.50,-14.75,-14.63,0.05,-0.05,0.00
0,5051,50,0.63,-1.00,0.30,-2.49,2.39,9.17,0.98376,0.12347,0.13007,0.00403,359.50,-14.75,-14.63,0.00,-0.02,0.00
0,5101,50,-0.05,-1.00,-0.75,-2.49,2.37,9.18,0.98395,0.12250,0.12964,0.00421,359.50,-14.69,-14.44,-0.09,-0.04,0.01
0,5151,50,0.13,-0.29,-0.87,-2.48,2.37,9.18,0.98401,0.12256,0.12903,0.00427,359.50,-14.63,-14.50,-0.05,-0.07,0.02
0,5201,50,0.25,-0.97,-0.25,-2.47,2.37,9.18,0.98407,0.12231,0.12885,0.00421,359.50,-14.56,-14.50,0.03,0.01,-0.01
0,5251,50,0.28,0.52,-2.06,-2.46,2.36,9.19,0.98419,0.12213,0.12799,0.00421,359.50,-14.50,-14.44,-0.05,0.08,-0.01
0,5301,50,0.48,0.17,-0.61,-2.46,2.36,9.19,0.98419,0.12201,0.12836,0.00415,359.50,-14.56,-14.44,0.01,0.04,-0.01
0,5351,50,1.21,-0.63,-0.25,-2.46,2.36,9.19,0.98425,0.12183,0.12817,0.00403,359.50,-14.56,-14.44,0.06,0.05,-0.01
0,5401,50,0.14,1.62,-2.32,-2.45,2.37,9.19,0.98425,0.12244,0.12762,0.00372,359.50,-14.50,-14.38,-0.01,0.01,-0.01
0,5451,50,0.77,-0.26,-0.41,-2.44,2.35,9.19,0.98437,0.12164,0.12714,0.00372,359.56,-14.44,-14.31,0.06,-0.03,-0.01
0,5501,50,0.50,-0.47,0.72,-2.43,2.35,9.20,0.98444,0.12164,0.12671,0.00366,359.56,-14.38,-14.31,0.03,-0.01,-0.01
0,5551,50,0.66,1.12,0.43,-2.43,2.37,9.19,0.98437,0.12262,0.12646,0.00348,359.56,-14.31,-14.38,-0.01,-0.06,0.00
0,5601,50,0.69,-0.20,0.82,-2.43,2.38,9.19,0.98425,0.12329,0.12671,0.00336,359.56,-14.31,-14.50,0.07,-0.10,0.01
0,5651,50,0.88,-0.31,0.55,-2.44,2.39,9.19,0.98419,0.12341,0.12701,0.00336,359.56,-14.38,-14.63,0.05,0.02,-0.00
0,5701,50,0.64,-0.69,0.77,-2.44,2.38,9.19,0.98419,0.12329,0.12726,0.00330,359.56,-14.38,-14.56,-0.02,0.03,0.01
0,5751,50,0.05,0.15,-0.81,-2.44,2.38,9.19,0.98419,0.12323,0.12714,0.00311,359.63,-14.38,-14.50,-0.10,-0.00,0.01
0,5801,50,0.65,-0.50,-1.31,-2.43,2.37,9.19,0.98437,0.12238,0.12677,0.00323,359.63,-14.38,-14.50,0.00,0.03,-0.01
0,5851,50,1.05,-0.26,0.57,-2.43,2.35,9.20,0.98444,0.12177,0.12653,0.00323,359.56,-14.38,-14.38,-0.07,0.03,0.00
0,5901,50,0.80,-0.02,0.11,-2.43,2.36,9.19,0.98437,0.12219,0.12671,0.00293,359.63,-14.38,-14.44,0.04,0.08,-0.03
0,5951,50,1.79,-0.42,0.98,-2.43,2.36,9.20,0.98444,0.12195,0.12653,0.00281,359.63,-14.38,-14.38,0.02,0.07,-0.02
0,6001,50,1.81,-0.67,1.71,-2.42,2.37,9.19,0.98437,0.12256,0.12616,0.00262,359.63,-14.38,-14.38,-0.07,-0.04,-0.01
0,6051,50,1.62,0.64,-0.27,-2.42,2.37,9.20,0.98444,0.12268,0.12567,0.00256,359.69,-14.31,-14.38,-0.03,-0.01,-0.00
0,6102,51,1.91,-0.83,1.23,-2.41,2.36,9.20,0.98450,0.12225,0.12555,0.00256,359.69,-14.31,-14.44,0.10,-0.00,-0.01
0,6152,50,0.55,-0.34,0.95,-2.42,2.37,9.20,0.98444,0.12262,0.12579,0.00250,359.69,-14.25,-14.44,0.06,-0.04,-0.01
0,6202,50,0.63,0.03,-0.56,-2.43,2.37,9.19,0.98437,0.12292,0.12622,0.00244,359.69,-14.31,-14.44,-0.00,-0.08,0.01
0,6252,50,0.47,-0.20,0.25,-2.44,2.37,9.19,0.98431,0.12262,0.12683,0.00250,359.69,-14.38,-14.44,-0.03,0.07,-0.01
0,6302,50,1.62,-1.54,1.14,-2.44,2.36,9.19,0.98431,0.12219,0.12708,0.00256,359.69,-14.44,-14.44,-0.08,0.02,0.00
0,6352,50,1.57,-0.23,0.37,-2.45,2.35,9.19,0.98437,0.12189,0.12726,0.00250,359.69,-14.44,-14.38,-0.01,-0.03,0.01
0,6402,50,0.37,-0.14,-1.39,-2.45,2.35,9.19,0.98431,0.12189,0.12732,0.00244,359.69,-14.44,-14.38,-0.02,-0.02,0.00
0,6452,50,1.15,-0.20,-1.39,-2.44,2.35,9.20,0.98444,0.12170,0.12683,0.00244,359.69,-14.38,-14.31,-0.01,0.01,-0.00
0,6502,50,1.27,-0.34,-0.36,-2.43,2.36,9.20,0.98444,0.12201,0.12653,0.00232,359.69,-14.38,-14.31,-0.03,-0.02,-0.00
0,6552,50,0.89,-0.05,-0.53,-2.43,2.35,9.20,0.98444,0.12189,0.12646,0.00220,359.69,-14.38,-14.38,-0.01,-0.01,-0.01
0,6602,50,1.82,-0.06,0.53,-2.43,2.35,9.20,0.98450,0.12170,0.12646,0.00208,359.75,-14.38,-14.31,0.03,-0.05,0.00
0,6652,50,1.67,-0.54,0.52,-2.44,2.34,9.20,0.98450,0.12109,0.12677,0.00208,359.75,-14.44,-14.25,0.01,-0.06,0.00
0,6702,50,1.09,-0.67,-1.16,-2.44,2.34,9.20,0.98450,0.12097,0.12695,0.00214,359.69,-14.44,-14.19,-0.03,-0.03,0.00
0,6752,50,0.81,-1.36,-0.73,-2.44,2.32,9.20,0.98456,0.12036,0.12708,0.00226,359.69,-14.44,-14.25,0.06,0.02,-0.01
0,6802,50,0.94,-0.82,0.49,-2.44,2.32,9.20,0.98462,0.11993,0.12701,0.00226,359.69,-14.44,-14.13,-0.06,0.09,-0.01
0,6852,50,0.57,-0.59,-2.07,-2.45,2.32,9.20,0.98456,0.12006,0.12726,0.00226,359.69,-14.44,-14.13,-0.01,0.06,-0.01
0,6902,50,1.10,-0.53,-0.55,-2.45,2.32,9.20,0.98450,0.12018,0.12756,0.00220,359.69,-14.50,-14.13,0.02,0.03,-0.02
0,6952,50,0.95,-0.45,0.29,-2.45,2.32,9.20,0.98456,0.12012,0.12744,0.00214,359.69,-14.50,-14.13,0.01,-0.03,-0.01
0,7002,50,0.44,0.82,-1.29,-2.45,2.33,9.20,0.98456,0.12042,0.12714,0.00201,359.75,-14.44,-14.13,-0.06,-0.04,0.00
0,7052,50,0.27,0.14,-1.18,-2.44,2.32,9.20,0.98462,0.12030,0.12671,0.00189,359.75,-14.38,-14.13,0.11,-0.06,-0.00
0,7102,50,0.76,-0.60,0.90,-2.44,2.33,9.20,0.98462,0.12042,0.12659,0.00195,359.75,-14.38,-14.19,0.05,-0.03,-0.01
0,7152,50,0.91,-0.16,0.20,-2.44,2.33,9.20,0.98456,0.12079,0.12683,0.00183,359.75,-14.38,-14.19,0.00,-0.07,0.01
0,7202,50,0.39,-0.64,0.29,-2.45,2.33,9.20,0.98456,0.12048,0.12714,0.00195,359.75,-14.44,-14.19,0.05,-0.02,0.00
0,7252,50,0.62,0.04,-0.12,-2.44,2.32,9.20,0.98462,0.11993,0.12708,0.00208,359.75,-14.44,-14.13,0.02,0.03,-0.00
0,7302,50,1.19,-0.38,-0.91,-2.45,2.31,9.20,0.98462,0.11957,0.12732,0.00220,359.75,-14.44,-14.13,0.05,0.00,0.01
0,7352,50,1.08,-0.24,0.03,-2.45,2.31,9.20,0.98462,0.11938,0.12762,0.00226,359.69,-14.50,-14.06,-0.01,0.05,0.00
0,7402,50,0.90,-0.44,0.34,-2.45,2.31,9.20,0.98462,0.11938,0.12762,0.00232,359.69,-14.50,-14.06,-0.04,0.02,-0.00
0,7452,50,1.44,-1.06,0.55,-2.45,2.31,9.20,0.98462,0.11938,0.12762,0.00232,359.69,-14.50,-14.06,0.06,-0.02,0.00
0,7502,50,1.16,0.20,-0.08,-2.46,2.31,9.20,0.98456,0.11938,0.12793,0.00238,359.69,-14.56,-14.06,-0.05,0.03,-0.00
0,7552,50,0.41,-0.72,0.26,-2.46,2.30,9.20,0.98462,0.11902,0.12781,0.00238,359.69,-14.50,-14.06,0.02,-0.02,0.00
0,7602,50,1.48,-0.46,-0.48,-2.46,2.29,9.21,0.98468,0.11865,0.12781,0.00250,359.69,-14.50,-14.00,0.02,-0.03,0.01
0,7652,50,0.70,-0.88,0.53,-2.47,2.29,9.20,0.98468,0.11823,0.12823,0.00269,359.69,-14.56,-13.94,0.00,-0.05,0.02
0,7702,50,0.47,0.27,-0.39,-2.47,2.29,9.20,0.98462,0.11829,0.12860,0.00275,359.63,-14.56,-13.94,-0.05,-0.03,0.01
0,7752,50,0.99,-1.18,-0.10,-2.47,2.28,9.20,0.98462,0.11810,0.12860,0.00287,359.63,-14.56,-13.94,0.03,-0.04,0.02
0,7802,50,0.09,-0.70,-1.52,-2.47,2.28,9.20,0.98468,0.11780,0.12872,0.00299,359.63,-14.63,-13.88,-0.01,-0.03,0.01
0,7852,50,-0.12,-1.02,-0.74,-2.47,2.27,9.21,0.98474,0.11755,0.12848,0.00299,359.63,-14.56,-13.88,0.00,0.01,0.01
0,7902,50,0.77,-0.04,0.05,-2.46,2.26,9.21,0.98480,0.11707,0.12817,0.00311,359.63,-14.50,-13.81,-0.02,-0.07,0.01
0,7952,50,0.91,-0.29,-0.54,-2.47,2.26,9.21,0.98480,0.11676,0.12854,0.00317,359.63,-14.56,-13.81,0.03,0.03,-0.00
0,8002,50,0.44,0.26,-1.64,-2.48,2.26,9.21,0.98474,0.11670,0.12915,0.00336,359.56,-14.63,-13.75,-0.05,-0.02,0.01
0,8052,50,1.14,-1.44,0.11,-2.48,2.25,9.21,0.98480,0.11633,0.12909,0.00348,359.56,-14.63,-13.75,0.09,-0.03,0.01
0,8102,50,-0.09,0.79,-2.96,-2.48,2.26,9.21,0.98468,0.11700,0.12915,0.00354,359.56,-14.63,-13.75,0.05,0.02,-0.01
0,8152,50,0.22,-0.50,-0.42,-2.48,2.25,9.21,0.98474,0.11615,0.12933,0.00378,359.56,-14.63,-13.75,-0.01,0.05,-0.00
0,8202,50,-0.06,0.46,-1.57,-2.49,2.26,9.21,0.98468,0.11652,0.12958,0.00385,359.50,-14.63,-13.69,-0.07,0.03,0.00
0,8252,50,0.66,-0.17,-0.71,-2.50,2.24,9.21,0.98474,0.11572,0.12994,0.00415,359.50,-14.69,-13.69,-0.01,-0.06,0.03
0,8302,50,0.59,-0.71,0.23,-2.51,2.22,9.21,0.98474,0.11487,0.13086,0.00446,359.44,-14.81,-13.63,0.02,0.06,0.00
0,8352,50,-0.08,-0.20,-0.64,-2.52,2.21,9.21,0.98474,0.11414,0.13116,0.00476,359.44,-14.81,-13.56,-0.04,0.02,0.02
0,8402,50,1.17,-1.68,-0.26,-2.51,2.21,9.21,0.98480,0.11389,0.13098,0.00500,359.38,-14.88,-13.50,-0.05,0.05,0.02
0,8452,50,0.96,0.15,-1.16,-2.52,2.20,9.21,0.98480,0.11346,0.13147,0.00507,359.38,-14.94,-13.38,-0.12,0.01,0.01
0,8502,50,-0.20,-0.81,-0.19,-2.53,2.19,9.21,0.98480,0.11273,0.13202,0.00525,359.38,-14.94,-13.38,0.01,0.06,-0.00
0,8552,50,0.94,-0.57,0.63,-2.52,2.19,9.21,0.98486,0.11310,0.13135,0.00525,359.38,-14.88,-13.38,0.08,-0.05,0.00
0,8602,50,0.84,0.84,-1.12,-2.52,2.21,9.21,0.98480,0.11389,0.13116,0.00519,359.38,-14.88,-13.38,0.04,-0.10,0.01
0,8652,50,-0.27,-1.17,-0.54,-2.52,2.24,9.20,0.98462,0.11554,0.13110,0.00507,359.38,-14.81,-13.56,0.12,-0.06,-0.00
0,8702,50,0.13,-0.42,0.29,-2.50,2.29,9.20,0.98444,0.11816,0.13019,0.00470,359.44,-14.69,-13.88,0.17,-0.02,-0.00
0,8752,50,0.65,0.25,-0.02,-2.47,2.33,9.19,0.98437,0.12048,0.12848,0.00421,359.50,-14.63,-14.19,0.25,-0.10,0.00
0,8802,50,0.89,-0.25,-0.66,-2.44,2.35,9.20,0.98444,0.12158,0.12701,0.00397,359.50,-14.44,-14.31,0.06,-0.02,-0.00
0,8852,50,0.00,-0.34,-1.24,-2.42,2.35,9.20,0.98456,0.12152,0.12598,0.00403,359.50,-14.25,-14.38,0.03,-0.04,0.01
0,8902,50,0.58,-0.87,-0.62,-2.40,2.36,9.20,0.98462,0.12189,0.12494,0.00415,359.50,-14.13,-14.38,0.11,-0.03,0.01
0,8952,50,0.84,-0.37,-0.45,-2.40,2.35,9.21,0.98468,0.12152,0.12500,0.00446,359.44,-14.13,-14.31,0.01,-0.03,0.02
0,9003,51,1.16,-0.35,0.22,-2.41,2.35,9.20,0.98462,0.12128,0.12573,0.00464,359.44,-14.19,-14.31,-0.03,0.03,0.01
0,9053,50,-0.01,0.03,-0.27,-2.42,2.35,9.20,0.98456,0.12115,0.12628,0.00488,359.44,-14.25,-14.31,-0.04,0.09,-0.00
0,9103,50,0.39,-0.16,0.18,-2.42,2.35,9.20,0.98456,0.12109,0.12622,0.00507,359.38,-14.25,-14.25,-0.05,0.01,0.01
0,9153,50,1.57,0.28,0.68,-2.41,2.34,9.20,0.98462,0.12097,0.12585,0.00513,359.38,-14.25,-14.25,0.00,-0.09,0.01
0,9203,50,0.78,0.64,-0.53,-2.41,2.34,9.20,0.98468,0.12085,0.12579,0.00513,359.38,-14.25,-14.19,-0.04,-0.06,0.01
0,9253,50,0.20,-0.31,-0.75,-2.41,2.35,9.20,0.98462,0.12103,0.12573,0.00513,359.38,-14.19,-14.25,0.01,0.03,-0.00
0,9303,50,0.83,-0.26,-0.23,-2.40,2.35,9.21,0.98468,0.12134,0.12518,0.00513,359.38,-14.13,-14.31,0.04,-0.08,0.01
0,9353,50,1.12,-0.62,-0.15,-2.39,2.35,9.21,0.98474,0.12134,0.12482,0.00513,359.38,-14.13,-14.31,0.06,-0.14,0.02
0,9403,50,1.04,0.18,-0.08,-2.40,2.35,9.21,0.98468,0.12128,0.12506,0.00507,359.38,-14.19,-14.31,-0.06,-0.02,0.01
0,9453,50,1.00,-1.14,-0.01,-2.40,2.35,9.20,0.98468,0.12128,0.12531,0.00513,359.38,-14.19,-14.31,-0.01,0.01,-0.00
0,9503,50,0.65,0.54,-0.52,-2.40,2.35,9.20,0.98468,0.12146,0.12518,0.00507,359.38,-14.13,-14.31,-0.03,-0.04,0.01
0,9553,50,0.92,0.44,-1.06,-2.39,2.35,9.21,0.98474,0.12128,0.12488,0.00500,359.38,-14.13,-14.31,-0.04,-0.00,0.00
0,9603,50,1.34,-0.62,-0.38,-2.39,2.35,9.21,0.98474,0.12122,0.12488,0.00494,359.38,-14.19,-14.25,-0.08,-0.03,-0.00
0,9653,50,0.18,-0.87,-0.53,-2.40,2.34,9.21,0.98468,0.12091,0.12531,0.00507,359.38,-14.19,-14.31,0.03,0.04,-0.01
0,9703,50,0.93,-1.18,-0.73,-2.40,2.34,9.21,0.98474,0.12085,0.12524,0.00507,359.38,-14.13,-14.25,-0.04,-0.00,0.00
0,9753,50,1.21,-1.04,0.32,-2.40,2.34,9.21,0.98474,0.12073,0.12512,0.00507,359.38,-14.13,-14.25,-0.00,-0.03,0.00
0,9803,50,1.02,-0.10,0.74,-2.40,2.33,9.21,0.98480,0.12024,0.12524,0.00507,359.38,-14.19,-14.19,0.03,-0.01,0.00
0,9853,50,0.33,-0.02,-0.81,-2.41,2.33,9.21,0.98474,0.12024,0.12555,0.00513,359.38,-14.19,-14.19,0.03,0.03,-0.01
0,9903,50,0.70,-1.02,-0.21,-2.41,2.33,9.21,0.98474,0.12000,0.12579,0.00519,359.38,-14.19,-14.19,0.03,0.02,-0.01
0,9953,50,2.05,-1.94,-0.21,-2.41,2.32,9.21,0.98480,0.11981,0.12543,0.00519,359.38,-14.19,-14.13,-0.07,0.01,0.01
0,10003,50,2.34,-0.36,-0.22,-2.41,2.31,9.21,0.98486,0.11932,0.12543,0.00525,359.38,-14.19,-14.13,0.00,-0.01,0.00
0,10053,50,1.24,-0.17,-0.53,-2.40,2.32,9.21,0.98486,0.11945,0.12531,0.00525,359.38,-14.19,-14.06,-0.08,0.06,-0.01
0,10103,50,1.01,-0.26,-1.22,-2.40,2.32,9.21,0.98486,0.11963,0.12524,0.00513,359.38,-14.19,-14.13,0.03,0.03,-0.01
0,10153,50,1.90,-0.74,0.77,-2.40,2.32,9.21,0.98486,0.11969,0.12506,0.00513,359.38,-14.13,-14.13,0.02,-0.00,-0.00
0,10203,50,2.09,-1.20,0.38,-2.40,2.32,9.21,0.98486,0.11981,0.12494,0.00507,359.38,-14.19,-14.13,0.01,0.09,-0.01
0,10253,50,1.74,-0.92,0.45,-2.40,2.33,9.21,0.98486,0.12006,0.12506,0.00494,359.38,-14.19,-14.13,-0.01,0.05,-0.01
0,10303,50,1.14,-0.32,0.08,-2.40,2.33,9.21,0.98486,0.12006,0.12506,0.00500,359.38,-14.19,-14.19,0.00,0.02,-0.01
0,10353,50,0.99,-0.34,-0.65,-2.39,2.34,9.21,0.98486,0.12054,0.12463,0.00482,359.38,-14.13,-14.19,-0.03,0.02,-0.00
0,10403,50,1.93,-0.14,0.17,-2.38,2.33,9.21,0.98492,0.12054,0.12408,0.00470,359.44,-14.06,-14.25,0.08,-0.07,0.00
0,10454,51,1.95,-0.57,-0.07,-2.37,2.34,9.22,0.98492,0.12085,0.12354,0.00452,359.44,-14.06,-14.25,0.01,-0.01,-0.01
0,10504,50,1.29,-0.95,-0.06,-2.37,2.34,9.22,0.98492,0.12085,0.12354,0.00439,359.44,-14.00,-14.25,0.04,-0.03,-0.01
0,10554,50,1.34,0.09,-1.18,-2.37,2.34,9.22,0.98492,0.12097,0.12341,0.00433,359.44,-14.00,-14.25,-0.03,0.01,-0.01
0,10604,50,0.61,-0.64,-0.33,-2.36,2.35,9.22,0.98499,0.12122,0.12299,0.00415,359.50,-13.94,-14.25,0.06,0.00,-0.02
0,10654,50,1.78,-0.17,-0.28,-2.35,2.34,9.22,0.98505,0.12097,0.12268,0.00415,359.50,-13.88,-14.25,-0.04,0.02,-0.00
0,10704,50,1.38,-0.64,-0.86,-2.35,2.34,9.22,0.98505,0.12091,0.12250,0.00397,359.50,-13.88,-14.25,0.03,-0.05,0.00
0,10754,50,1.18,-0.16,-1.25,-2.36,2.33,9.22,0.98505,0.12054,0.12280,0.00403,359.50,-13.88,-14.19,0.01,-0.01,-0.01
0,10804,50,1.09,-1.54,-1.01,-2.35,2.33,9.22,0.98517,0.12012,0.12256,0.00385,359.50,-13.94,-14.13,-0.06,0.07,-0.02
0,10854,50,0.92,0.34,-1.16,-2.36,2.31,9.23,0.98523,0.11957,0.12268,0.00385,359.50,-13.88,-14.13,-0.02,0.00,-0.01
0,10904,50,1.38,-0.49,0.48,-2.35,2.32,9.23,0.98523,0.11957,0.12238,0.00385,359.50,-13.88,-14.06,0.05,0.01,-0.01
0,10954,50,1.57,-0.82,0.16,-2.36,2.31,9.23,0.98523,0.11932,0.12274,0.00378,359.50,-13.94,-14.06,-0.02,0.00,-0.00
0,11004,50,2.19,-1.67,1.28,-2.37,2.31,9.22,0.98517,0.11938,0.12329,0.00354,359.56,-14.00,-14.06,0.03,-0.00,-0.00
0,11054,50,1.26,-0.55,-0.03,-2.37,2.30,9.23,0.98517,0.11884,0.12354,0.00348,359.56,-14.00,-14.00,0.02,0.07,-0.02
0,11104,50,0.65,0.38,-0.81,-2.37,2.30,9.23,0.98523,0.11865,0.12329,0.00336,359.56,-13.94,-14.00,-0.02,0.05,-0.01
0,11154,50,0.23,-1.16,-0.13,-2.36,2.30,9.23,0.98529,0.11871,0.12286,0.00317,359.56,-13.94,-13.94,-0.06,0.04,0.00
0,11204,50,1.35,-0.21,-0.68,-2.36,2.29,9.23,0.98535,0.11847,0.12262,0.00323,359.63,-13.88,-14.00,-0.07,0.03,-0.00
0,11254,50,2.36,-1.04,0.15,-2.35,2.29,9.23,0.98541,0.11829,0.12244,0.00311,359.63,-13.94,-13.94,-0.08,-0.08,0.01
0,11304,50,3.10,-1.45,0.17,-2.35,2.29,9.23,0.98541,0.11816,0.12238,0.00311,359.63,-13.88,-13.88,0.02,-0.04,0.01
0,11354,50,1.95,-1.43,0.10,-2.35,2.28,9.24,0.98547,0.11786,0.12213,0.00311,359.63,-13.88,-13.88,0.00,0.05,-0.01
0,11404,50,1.65,-1.69,0.48,-2.34,2.27,9.24,0.98566,0.11719,0.12164,0.00323,359.56,-13.81,-13.75,-0.09,-0.02,-0.01
0,11454,50,1.15,-0.25,-1.59,-2.32,2.26,9.25,0.98578,0.11688,0.12067,0.00336,359.56,-13.63,-13.75,-0.03,-0.11,0.02
0,11504,50,2.10,-1.61,0.40,-2.31,2.24,9.26,0.98602,0.11591,0.11987,0.00354,359.56,-13.56,-13.63,-0.06,-0.09,0.02
0,11554,50,3.64,-2.28,0.16,-2.30,2.24,9.26,0.98608,0.11548,0.11938,0.00354,359.56,-13.50,-13.56,-0.02,0.02,0.00
0,11604,50,2.69,-2.90,-0.47,-2.30,2.23,9.26,0.98614,0.11493,0.11932,0.00360,359.56,-13.50,-13.56,-0.05,0.03,0.00
0,11654,50,2.93,-1.85,-0.29,-2.28,2.27,9.26,0.98602,0.11713,0.11835,0.00323,359.56,-13.44,-13.75,0.14,-0.10,0.02
0,11704,50,2.12,-1.70,-0.48,-2.28,2.27,9.26,0.98602,0.11731,0.11829,0.00317,359.63,-13.44,-13.81,0.04,0.00,0.00
0,11754,50,2.10,-1.32,-0.68,-2.27,2.27,9.26,0.98602,0.11737,0.11816,0.00317,359.63,-13.38,-13.75,-0.01,0.05,-0.01
0,11804,50,2.48,-1.64,-0.21,-2.26,2.27,9.26,0.98608,0.11743,0.11749,0.00317,359.63,-13.31,-13.81,0.00,-0.01,0.00
0,11854,50,3.04,-2.32,-0.74,-2.25,2.28,9.26,0.98614,0.11761,0.11682,0.00305,359.63,-13.25,-13.81,0.03,0.01,-0.01
0,11904,50,2.86,-1.89,-1.05,-2.24,2.28,9.26,0.98621,0.11774,0.11633,0.00287,359.63,-13.25,-13.81,0.02,-0.06,0.01
0,11954,50,3.41,-1.19,-0.21,-2.24,2.28,9.26,0.98621,0.11804,0.11615,0.00269,359.63,-13.19,-13.81,-0.03,-0.04,0.01
0,12004,50,3.42,-2.06,0.98,-2.24,2.28,9.26,0.98621,0.11792,0.11621,0.00269,359.69,-13.25,-13.88,0.04,0.04,-0.01
0,12054,50,1.86,-0.41,0.46,-2.24,2.29,9.26,0.98614,0.11816,0.11627,0.00269,359.69,-13.19,-13.88,0.00,0.03,-0.01
0,12104,50,3.27,-1.68,0.20,-2.22,2.28,9.27,0.98627,0.11786,0.11554,0.00262,359.69,-13.13,-13.81,-0.03,0.05,-0.02
0,12154,50,3.56,-1.62,0.56,-2.22,2.28,9.27,0.98633,0.11768,0.11542,0.00269,359.69,-13.06,-13.75,-0.03,-0.12,0.02
0,12204,50,3.93,-1.89,0.49,-2.22,2.27,9.27,0.98639,0.11719,0.11536,0.00275,359.63,-13.13,-13.75,0.02,-0.03,0.00
0,12254,50,3.05,-1.02,-0.99,-2.23,2.27,9.27,0.98633,0.11707,0.11597,0.00269,359.63,-13.19,-13.69,-0.01,-0.04,0.00
0,12304,50,2.86,-1.00,-0.43,-2.23,2.26,9.27,0.98633,0.11688,0.11603,0.00275,359.63,-13.19,-13.69,0.01,0.01,-0.01
0,12354,50,2.48,-0.86,-0.36,-2.24,2.26,9.27,0.98633,0.11682,0.11633,0.00269,359.63,-13.19,-13.69,0.01,0.04,-0.02
0,12404,50,2.52,-1.18,-0.15,-2.24,2.26,9.27,0.98633,0.11676,0.11633,0.00262,359.69,-13.19,-13.69,0.04,-0.04,-0.00
0,12454,50,3.65,-2.83,0.70,-2.24,2.26,9.27,0.98633,0.11658,0.11639,0.00256,359.69,-13.19,-13.69,0.02,-0.04,0.00
0,12504,50,3.32,-2.96,-0.24,-2.25,2.25,9.27,0.98633,0.11621,0.11664,0.00250,359.69,-13.25,-13.69,0.07,-0.09,0.01
0,12554,50,2.77,-1.88,0.11,-2.25,2.25,9.27,0.98627,0.11639,0.11694,0.00238,359.69,-13.31,-13.63,-0.01,-0.01,0.00
0,12604,50,2.94,-1.85,-0.29,-2.25,2.25,9.27,0.98627,0.11627,0.11700,0.00232,359.69,-13.31,-13.63,-0.01,0.01,-0.01
0,12654,50,1.99,-0.79,-0.92,-2.25,2.25,9.27,0.98633,0.11621,0.11682,0.00214,359.69,-13.25,-13.63,-0.01,0.03,-0.01
0,12704,50,2.37,-0.68,-0.96,-2.25,2.24,9.27,0.98639,0.11584,0.11670,0.00214,359.69,-13.25,-13.56,-0.02,0.00,-0.01
0,12754,50,4.00,-1.90,0.61,-2.25,2.23,9.27,0.98645,0.11536,0.11664,0.00214,359.69,-13.25,-13.50,-0.04,-0.03,0.01
0,12804,50,4.12,-1.89,0.22,-2.26,2.22,9.27,0.98645,0.11499,0.11707,0.00214,359.75,-13.31,-13.50,0.02,-0.02,0.00
0,12854,50,3.29,-1.47,-0.78,-2.26,2.22,9.27,0.98645,0.11487,0.11725,0.00208,359.75,-13.38,-13.44,-0.05,0.02,0.00
0,12904,50,2.15,-1.22,-0.93,-2.26,2.22,9.27,0.98645,0.11469,0.11749,0.00208,359.75,-13.31,-13.44,-0.01,0.01,-0.01
0,12954,50,2.62,-0.85,-0.74,-2.26,2.22,9.27,0.98645,0.11487,0.11743,0.00189,359.75,-13.31,-13.44,-0.04,0.04,-0.01
0,13004,50,2.48,-1.07,-0.40,-2.26,2.22,9.27,0.98645,0.11481,0.11713,0.00183,359.75,-13.25,-13.44,-0.02,-0.07,0.01
0,13054,50,4.46,-2.26,1.34,-2.24,2.22,9.28,0.98657,0.11481,0.11627,0.00183,359.75,-13.31,-13.44,-0.01,0.00,-0.00
0,13104,50,3.11,-2.49,-0.92,-2.24,2.23,9.28,0.98651,0.11511,0.11627,0.00159,359.75,-13.25,-13.50,0.02,-0.07,0.01
0,13154,50,2.91,-0.85,-0.91,-2.24,2.23,9.28,0.98651,0.11548,0.11627,0.00153,359.81,-13.25,-13.50,-0.02,0.02,-0.01
0,13204,50,2.07,-1.15,-0.03,-2.25,2.23,9.27,0.98645,0.11560,0.11646,0.00134,359.81,-13.19,-13.56,0.03,0.01,-0.01
0,13254,50,3.00,-1.52,0.63,-2.24,2.24,9.27,0.98645,0.11591,0.11615,0.00134,359.81,-13.19,-13.56,-0.01,0.05,-0.01
0,13304,50,2.96,-2.64,-0.02,-2.24,2.24,9.27,0.98639,0.11615,0.11621,0.00134,359.81,-13.19,-13.63,0.01,-0.08,0.02
0,13355,51,4.15,-2.41,-0.65,-2.23,2.25,9.27,0.98645,0.11652,0.11554,0.00134,359.81,-13.19,-13.63,-0.00,-0.04,0.01
0,13405,50,3.03,-2.55,-0.74,-2.23,2.25,9.27,0.98639,0.11658,0.11591,0.00134,359.81,-13.19,-13.69,0.00,0.01,0.01
0,13455,50,2.95,-1.08,0.34,-2.24,2.25,9.27,0.98639,0.11646,0.11603,0.00140,359.81,-13.19,-13.63,-0.00,0.06,-0.02
0,13505,50,1.85,-1.22,-0.71,-2.24,2.25,9.27,0.98639,0.11621,0.11615,0.00153,359.81,-13.19,-13.63,0.01,0.02,-0.02
0,13555,50,2.78,-1.27,-0.70,-2.23,2.24,9.27,0.98645,0.11609,0.11597,0.00146,359.81,-13.19,-13.56,0.03,0.02,-0.01
0,13605,50,4.33,-2.18,1.48,-2.23,2.24,9.28,0.98651,0.11584,0.11560,0.00140,359.81,-13.19,-13.56,0.01,-0.07,0.00
0,13655,50,4.13,-1.77,-0.27,-2.23,2.24,9.28,0.98651,0.11578,0.11572,0.00146,359.81,-13.19,-13.56,0.01,-0.05,0.00
0,13705,50,3.31,-1.55,0.00,-2.23,2.24,9.28,0.98651,0.11578,0.11572,0.00140,359.81,-13.19,-13.56,-0.01,0.02,-0.01
0,13755,50,1.49,-1.04,-0.41,-2.23,2.23,9.28,0.98651,0.11560,0.11591,0.00140,359.81,-13.13,-13.56,-0.00,-0.04,-0.01
0,13805,50,2.50,-0.71,-1.70,-2.22,2.24,9.28,0.98657,0.11560,0.11536,0.00159,359.81,-13.13,-13.50,0.02,0.02,-0.01
0,13855,50,2.82,-2.20,-1.02,-2.21,2.24,9.28,0.98663,0.11560,0.11493,0.00171,359.75,-13.06,-13.50,0.01,0.03,-0.00
0,13905,50,4.44,-1.87,-0.56,-2.21,2.24,9.28,0.98663,0.11578,0.11469,0.00171,359.75,-13.06,-13.56,0.01,-0.05,0.02
0,13955,50,3.05,-1.88,-0.02,-2.22,2.24,9.28,0.98657,0.11578,0.11511,0.00165,359.75,-13.06,-13.56,0.00,-0.01,0.01
0,14005,50,2.36,-2.01,-0.95,-2.22,2.26,9.28,0.98651,0.11664,0.11499,0.00183,359.75,-13.06,-13.63,0.05,0.03,0.00
